%YAML:1.0

#common parameters
#support: 1 imu 1 cam; 1 imu 2 cam: 2 cam; 
imu: 0         
num_of_cam: 2  

imu_topic: "/imu/data_raw"
image0_topic: "/cam1/imageL_raw"
image1_topic: "/cam1/imageR_raw"
output_path: "/home/tony-ws1/output/"

cam0_calib: "own_cam0_pinhole.yaml"
cam1_calib: "own_cam1_pinhole.yaml"

#cam0_calib: "cam0_mei.yaml"
#cam1_calib: "cam1_mei.yaml"
image_width: 640
image_height: 480
   

# Extrinsic parameter between IMU and Camera.
estimate_extrinsic: 1   # 0  Have an accurate extrinsic parameters. We will trust the following imu^R_cam, imu^T_cam, don't change it.
                        # 1  Have an initial guess about extrinsic parameters. We will optimize around your initial guess.

body_T_cam0: !!opencv-matrix
   rows: 4
   cols: 4
   dt: d
   data:  [ 0.01781426, 0.07168758, 0.99726804, 0.03473806,
                    -0.99977846, -0.00990679, 0.01857124, 0.09716012,
                     0.01121105, -0.99737794, 0.07149522, -0.0285895,
                    0, 0, 0, 1]
   #[0.01166207, -0.99744162, 0.07052808, -0.02994827,
   #       0.99852082, 0.0078707, -0.05379793, -0.11612445,
   #       0.05310519, 0.07105115, 0.99605802, 0.03561362,
   #       0, 0, 0, 1]

body_T_cam1: !!opencv-matrix
   rows: 4
   cols: 4
   dt: d
   data: [-0.00791971, 0.08673127, 0.99620026, 0.03724855,
                   -0.99996816, 0.00028726, -0.00797468, -0.09732044,
                   -0.00097782, -0.9962317, 0.08672623, -0.02724318,
                    0, 0, 0, 1 ]

          #[0.00267606, -0.99654233, 0.08304346, -0.02921256,
          #0.99878754, -0.0014185, -0.0492081, 0.08372675,
          #0.04915576, 0.08307446, 0.99533027, 0.04554309,
          #0, 0, 0, 1]

#Multiple thread support
multiple_thread: 1

#feature traker paprameters
max_cnt: 150            # max feature number in feature tracking
min_dist: 30            # min distance between two features 
freq: 10                # frequence (Hz) of publish tracking result. At least 10Hz for good estimation. If set 0, the frequence will be same as raw image 
F_threshold: 1.0        # ransac threshold (pixel)
show_track: 1           # publish tracking image as topic
flow_back: 1            # perform forward and backward optical flow to improve feature tracking accuracy

#optimization parameters
max_solver_time: 0.04  # max solver itration time (ms), to guarantee real time
max_num_iterations: 8   # max solver itrations, to guarantee real time
keyframe_parallax: 10.0 # keyframe selection threshold (pixel)
