%YAML:1.0
---
model_type: PINHOLE
camera_name: camera
image_width: 1280
image_height: 1024
distortion_parameters:
   k1: -0.088906
   k2: 0.100432
   p1: -0.022240
   p2: 0.000879
projection_parameters:
   fx: 1676.066028
   fy: 1685.082782
   cx: 666.721774
   cy: 354.285803
