%YAML:1.0
---
model_type: PINHOLE
camera_name: camera
image_width: 640
image_height: 480
distortion_parameters:
   k1: 0.052514
   k2: -0.03411
   p1: -0.002367
   p2: 0.000539
projection_parameters:
   fx: 362.893237
   fy: 363.205154
   cx: 315.269479
   cy: 245.369534
